55 5. 1313131111 111· mm 5515505415

Numeri Numeri 17331331 Numeri Nummi
8333373ιί nuri mni 133337 huid ud 1113Ιηί md md 13337
55 145 55 155 101 15 150 33
55 144 33 133 105 155 151 44
55 5 31113 133113 155 45
33 3 31113 134133 133 43
33 143 33 133 105 50 55
50 145 34131 105· 104 ¹³4 50
51 145 55 100 105 151 133 33
31 115 33 131 133 131 155 55 ·
33 143 33 131 113 133 133 31
34 143 33 155 111 113 133 31
55 5 55154 115⁴ 133 155 55
55 33 50 115 115 15 140 55
55 13 31 105 115 13 141 33
33 3 92 334 113 13 1413 50
⁶⁹ 198 55 113 111 11 14343
33 133 34 133 113 13 144 43
31ι 111 33 114 114 13 143 33
33 150 55 115 133 13 143 33
54¹ 110 33 133 133 33 143 33
33 31 33 31 113 33 143 55
31 43 33 113 33 113 113 33 143 34
33 33 133 100 114 113 33 150· 55
34 143 ⁷⁸ 43

Numeri 1711111316 Numeri Numeri Numeri

3941433131- 3983343331- wund- murd- wira-d-
flfflnfflwnfflwinfflfflffifflffl

11 11 24 21 23 31 86 41 31
“ 12 12 55- 22 91 92 88 ’ 42 84
16 13 56 23 98 33 13 43 35
9 14 15 24 27 34 94 44 36

21415 25 2528 55414555

18 Ι 16 75 26 57 36 39 45⁸ 55
26 1 17 72 27 87 37 62 49 92
20 18 73 28 101 38 100 50 52
22 19 32 29 71 39 29 51 42
10 20 10 30 14 40 30 52 43

Φζοωσῄῶοὶῠβωῦθμ

μ

1. 72 333 Isidori 33 Masonem 515, de 0515 v. 5111555 p. 11 11. 4. 2. 55 333
Leonis 111 337 8133163113 ep„ quam v. 71133 111 13ρί33303 1731316113.
3. 107 051110guntinorum 5051505501111555110111555-555), quam v.
infru in Epistolin Mogunfinis. 4. 113-117 33113 epistolae, 3333 13331733
infra in Epistolis moguntinis. 5. ορ. 151 invenies 111113 111 03113111 vita
S. 8311161311. 6. 47 33 48 1313331133 7777163333ίηί7 sunt.

 

