6. 3311131111 nn 11511 1111513141 23

Numeri 11311511 Numeri 11111511 Numeri

ΨΜ· 1114111131- Wfflvai· 191111331- weda-d-
31331 333111 1313111 mavi dui 331111 31131 noeti 31331 ussi

63 44 80 98 98 89 119129 147112
54 61 81ἱ9ἑ1 99 96 120130 14833

55 32 55 131 15 122121 153 143
5111 4⁷ 33 31 132511 123 133 151 143
53 43 54 133 1325 31 124134 152141
531 43 35 53 1331111 125111 153145
52· 53 55 13 1351131 125135 154145
662 50 66 60 131115 121124 166 6
51 66 66 133113 123125 166 2
66 53 32 106 106116 123135 166 144
60 64 64 113132 133113 153143
60 61 9⁰ 135 111123 131122 153142
11 53 31 135 112 114 132 131 153 45
12 53 32 43 113125 133123 151141
66 60 66 104 114133 134· 155 152143

100 90 121131 149 5

64¹ 63 94 69 115110 1401118 163 1
77 66 66 78 116120 143 3 164 4
78 67 96 99 Ι 117 109 144 151 165 139
79 64 97 102 118 127 1451153 166ι 8

Numeri Numeri Numeri , Numeri Numeri
1111311331 1131111 (1113311111 333111 1111331111 131111 63331331 aeni olla-ini 313131
1 11 14 15 21 81 40 30 53 14
2 12 15 25 28 101 41 31 54 48
16 16 15 29 11 42 34 55 49

9 11 12 30 14 49 95 56 58

21 18 13 91 86 44 96 51 50

18 19 92 32 88 45 31 58 53

26 20 10 39 13 46 38 59 54

21 23 34 94 41 92 66 51

9 22 91 35 41 48 52 61 60
10 23 93 36 99 49 42 62 59
11 24 21 31 62 50 43 63 10
12 25 28 38 100 51 44 64⁷ 63
13 26 51 39 29 52 61 61 65

1. 58 statuta eontinet, ad Bonifatii epistolas non pertinentia 6. 61,
63- 65 el 66, 76 ad Bonifatii epistolas non speetanl. 3. 104 fragmenta
swurdtweinio ex Bonifatii vitis 33113513 praebet„ 4. 106 reperies infra
15 3151551 115 Bonifatii. 6. 166-166, 140‚141,166-166 15551155
infra in lipiatolis lloguntinis. 6. 146 5511511311 311 Masonem ap. de
qua v. supra p. 11 1. 4. 7. 65, 66, 113311 Bonifatianas epistolas non
1151111511.

 

