mou 010011 745

1100100110 00. 1101000010 198. 8011011105, 90115010 457. 4753 000. 01
110115 eom. 390. 01051000. 1051100001, Virgilius, He
1101501000 195. toldus, 00010000.
1101001000110001100 01051000. 9000111000 195.
011100, 8000111000. 9000000 01005. 189.
10110 309. 90100101, 9011000οί 151. 173. 936. 695.
1100050 05500 00010005 703 709.
1100001100,1100501000,110010105101- Saxonis, Saxones, 901001 101151.
05100. 1100. 9. 8. 791. 799. 946. 959. 980. 304. 390. 449. 453.
1100050111ιο archiep. 11005000. 349. 461. 471. 479. 495. 619. 709. 704.
1100ορ01100 00. Faventinus 377. 705.
110501510οο. 796. 90100000001171. 01511001οο00.
1111501100 praepositos 799. Saxonis 1100010011οε 114.
1100550110οω0001100 726. Saxones 8111100100 451. 456.
1105501100 101 Galliae 359. 9010010001 verbum 311.
Repertus iil. Adoffi 10010 711. 9050100001010 719.
1101001100 195. 9715015010 00011005.
1105000000οο v. 111010100000. 90115010 levite 464.
1100010 praepositus 796. 90110511ωο0000 000. 0115010100, 101150-
1100010500 00001000 678. 1000.
1100010500 00000500 399. 901001 996. 461. 709.
1100005001 rex 710711. 90010005οἰ0 795796.
1100071αο (0105010005) 0100100 1100, 80011, 900111 608. 674.
poetes 00. 1000100010 690-699. 9001100 84.
1100001510 11 rex 8010000100 706. sedulius 41.
Rudoifusl dux Bev. sup. 711. seleheim 476. 501.
1111001100 eomes 793. Selehofen 686.
10001010 0010100 944. · 9050000101, 90500100101 364. 633.
1100110οε 05500 memoremus 378. 900010184; 9000000010 0105100. 0011-
1101000000 00. 1101100010 478. bertus.
1101511000, 1101501100, 8000501100 00 900000 348.
1100. 9. 8. 90101001 0000 959-961.
1101501000, 110015010οι, 1101501000 01- Sergios presb. 111 9. Ρο100110000 136.
ehiep. 1100. 9. 4. 374-384. 799. 141144147.
795. 990001000010100000 507 00.
1101501000 ebbae Eberbsoensis 405. 91. 308.
688 9151050 perfidus, 00. Spirensis 598.
110150100001000001100 727. 9101110 693.
1100500010ίο 710. Sidonius ep. 1100. 9. 3.
1100011110 00. 00001001100010 103. 90000100, 90000100 00. 9010110005
9051100 fl. 98. 165191.
90000010 710. 9100501000 (obbas 01 videtur 00110-
9000001000 998. 0100010) 166.
90111010 475. 91005010 eomes 723.
8010000100. 00001001 883. sigebotus miles 398.
9010010011 00. Constant. 384. 90111000 01051000050710.

 

