111011 000011 788

81511001 01010110111010011111 586. 80101001 00. 811015010. 566. 568.
81511001 825. 8011110 258.
8111501001 155. 80101010οο111 280. 80511100 280.
8105010010110 294. 8011100 280.
810000110111100501180015011010100- 880011101111 0000. 1111001111 518. 514.
0001000011 181. 182. 188 -145, 151. 8000011101 10001 022.
155. 182. 458. 478. 495. Apulia 697.
8100011111 15511 288. Aquensis 00. 8110.
8100011111 15511 126. 80011 802. 700. 710. 713.
8101100 818. 814. 8110110111 706.
81010001 216. 810051010101015. 182.
810110001ΠΙο101407-409.686.698. 8100οᾒ000101 000. 8001, Uudo 111,
81100101101 710. werinharius 1, 0000.
81010001 1011101101000015101010 284. 81001100111 0100 707.
81001 450. 622. 81150, 8150 archiep. 1100. 2. 4. 858
8111111 705. --872Ι 589. 540. 721. 724.
8110001101, 8105011001 155. 14110101- 81001001 1100100. 1100. 2. 4. 402-405.
501., 001100. 8011050100011124- 604-675. 884-690.

46. 215. - 81001001 150110111011100111 528. 588.
5. 8110 457. 811010010110001. 11000011001414.
8111110001 81. 810011 01100011101728.

811010 01001110ήο01 1111011518517. 810010010011010001.8.111111011100.
81101001, 815011 80. 400. 648.

8101111001 155. 1101051000111818. 81001001 Rufus 1100. 625. 629. 680.
8101110011οω 280. 81001101 1100100. 2011100111 851.
8010150100, 8010005010 448. 455. 81001101 1100. 704.

476. 501. 649. 81001101 001 81111110 705.
8101001101 280. 81005010 725.
8051100011100. 2105010101. 8111 (Hassis) 612.
Ambrosianum 0111101100 581. 81001101 501. 502.
8011111101 01015. 111 81111110 186. 81105100 727.

141. 144. 147. 8101101 80.
8011111101 0110. 0001. Rom. 877. 810110010 245.
8111101101 810110011001,00.01001000· 8100011 280.

111 28. 8110 01015. 824.

8000111101 155. 8. 0101000111 11011011· 8000100100. 11001110οο010 702.
111887. 80011, 800100101871.708-705.
800000111οι 10110011 410. 8000111, 8000115010 104. 475, 000.

8111100001 184. 7710001, 2015110οο, 110110110001.

8. 81101010 00000100010101011110 8000111001 01100101101 primus Au·
vum 0100100110οι) 585. 0101010, 1100100. cantuar. 90114.

8001011 00. 1110000111 858. 185.

8000 1011781011 801001 00. 1100. 2. 8.

8001100010 588. 588. Auso 00. Aquensis 887.

8000 1100100. 0010010010 722. 728. 111000110οω 711.

8000 0017010111 844. 81110 708.

 

