ΙΝ D EX
RERUM MEMORABILIUM.

0001410. 0001101100111111Ρ1111101101001100

000011001 00. 30101111100111 559. 1110149.
0001 1100100. 11010001. 131.132.134. 000110110011111111, 0100100. 11000

163. 000110111οο 1111110, 110010011000
00001111 105. 0001101 10111001. 1111.

1001111 101101 33. ⁸ 0001101 vm 001001 00 1101110 110.
0001, 11001001, 11000000. 0100011- Adrianus 11 0101 330.

000111 1011121. 193. Adrianus IV 0101 402. 623. 635.
00110010 00. 0100000010 351. 011100101100. 1101100111 235. 231.
001100101 00. 1101100111 106. 0011010001 101 0101110 230.
00010010 01111 31100011 1100100. 1103. 01000, 101101 1100001010 33.

021. 529. 0000101010 (0010101000) 230.
0001001101, 0100111111 1100100. 1100. 0010011001 101 0011100101010 210.

2. 4. 336-393. 011-513, 538. 593. 00111100 1001111111 30110010110001111 ,

625. 49. 1
0001001101, 01001101 Π 110010011οο 00101010 463461.

2. 4 560-603. 0010010011 01010. 464.

01001101 00. 3111100111 353. 0011101001 00. Τ1111000111 193.
0011001101 01000. wormatiensis 124. 00100001101Π rex 0101110 254.
010011011 111 111. 112. 0001011001, 001010111001, 001011011-
0100110111 dux saxoniae 111. 001, 00100110011011101010000135.
0011001101 000101 (31000001000111) 41. 163. 111. 119. 213. 215.

104. 0010110111 0101 340. 341. 300.
0001001101 nivis Augustennin 336. 00001101 00. (101οο101111 193.
0011001001 00. 11110010οε111 363. Agnos ux. Ηο101101 ΠΙ 1110120133
000101110 (0111001110) 051. Agno 195.
0011ςί101 0001. 514. Agrippina 1523 v. (10101111
00010011100110111000001000111122. 0111100 111.

. 125. 0110110011, Alamanni 103. 115. fl.
Adnlhnndnnl 10011 corbeiensis 311. 102. 104. 105. ’
000100101, 0011001 01010. 416. 001. S. Albani 0001. 1000. 322. 414. 510
0011011101 0110. 0001. Rom. 311. 644. 64510631. 114-120.
00110 00. Τ1011000111 353. 0101000101 000. 10010001, ’1100ιὶ001
0001010011110 00011 433. 01000111 00. Constantinus.

 

