η 738 777777 neuun

Fridsrious 11 77777. 697. 698. 708. 709. (78718878 68 17888777 778778771187. 6
7776877878 7771877778 Rheni 6. (7877777777 77. 81. 86. 91. oet.
Frideslsris‚ Frideslsre, 7777887818778 (78781678 877. 1187. 8. 3. 471. 496

389. 466. 708. (787817 7788188777 87777788 708.
Friteslsrisnsis 877. Abbslinus 669. (7877777778 rex 84.

Prisingensis 877. 8787787877. (78777787, (78776787, (788188778, (seve
Frotwinus 8187. 326. 177) 877. 1187. 8. 3. 161. 471-473,
Fulerieus ep. Tungrensis 193. 496. 496.

177167, 77167, 8716878877 818. 819. 888. (7788778777 788.

888. 468. 467. 469. 474. 488. 487. (7787787788 dux Lotheriensiurn 706

499 600. 604. 606. 688. 630. 631. (7787777778877.1187887777. et 118768

535. 536. 640. 641. 669. 706. burg. 362.
sulus 17717777 fl. 888474. 480. 636. (77817 ux. 0877867 Π imp. 684. 689.

666. 636. 643. 788. 783.

17178678 presb. 87 77778 8. Dionysii (718867787777 soen. 846. 439.

831. (786818887788787778887778 188.
G. 8777871187. 418. (7868787678 praepos. 8147777777 1187.
(7. 778788788 Veronensis 407. 787.
Gabinus ep. 77788778. (7868777678 obbas S. 1788771187. 689.
(77887878 468. 630. 663-666.
S. (77111 eoen. 706. (78771786 dux Alamannorum 708.
(7811787 710. (7868177678 1777777778 dux 187787777788
(7776778787 390. 788. 788.
(7777681178 877. Η717878787 418. (7878777678 68 8777787877 646.
(78777 380. . (7868787678 877717168878777. 368. 363
(7878777678 ΙΠ ep. constantiensis 381 (7868188 788.

-383 386. (7878888718 eomes 380.
(7878777678 77788 68 08177 Ρ7717778 (7878887718 eomes 788.

414. (7868177778 80.

(7878787678 817778 786. (7877716, (7877777717 ep. Rutisbon. 467.
(787878 eomes 784. 491.
(78777771771777777178 6778. 8881. Rom. (7877777778 ep. osnebrugensis 787. 788

164. 166. 863. (77878177 101.

(7878777678 11 877. 1876778787 193. (7777788778 sp. velitrensis 136. 141. 144.
Georgius presb. 8818777778 etPsuli 146.

136. 141. 144. 147. 8. (7787877781 778778 96. 97.
(7887777781 ep. 11877878. 7. (778787778Π778777 68. 76-81. 86-88
(7877777100. 101. 137. 163. 813. 881. 887. 859.
(787787778 8187. 1187. 319. 434. 446. 448. 460. 464. 469.
(787777678 pr. 8776. 88. Aqniise 87 Gregorius 111 77777891.98.100-104.

Prisese 396. 111. 114. 181. 868. 464. 466. 469.
(7877776781 87877877. 1187. 8. 4. 639. Gregorius IV psps 386.

709. Gregorius V 778777 361. 368.
(7871777678 11 77877877. 1187. 8. 4 711. Gregorius IX 778778 637. 698. 708
(77777678 Ρ788118 409. Gregorius ep. Portusnsis 136. 141.
(7877777678 87887688 338. 144. 146.

 

