740 616116 666611

86163666 61166 1163. 671. 86611116 407. 408.
8666666636 7. 816666 282.
861661066616 6. 816066 280.
866666661066 v. 8166666611 8161616 804. 806.
861666 66666 800. 8116661116 dux 8616666166 466.
8611661166 ep. 8161616616 862. 811616 280.
8616611666 presb. 177. 8661666166 66666 886111 7711666-
8611361, 8616361 archiep. 1163. 2. 8. 11166616 61 S. 86611 0111166616 180. ¹
86113666 66666 16616666 368. 863116 praepositus 727. .
861166666646366166616886-889 8636 06 8. 06616 1166610111. 8. 86-
897. 61666 699. 709.
8616666666 op. (1 86666139) 726. 8636 0166. 66611 6616111877.
8611666 6166666166 727. 863 66666 6631661116 704.
861666666 666. 661 86661616616. 8636 senior 490.
722727. 8666611116 ep. 726.
8616666668 lantgravius 8666111666. 8116661166 66666 727.
86161066 6166166. 861666136616 848. 8666611116 praepositus 724
849. 8661111666 6611161661666. 268. n
Hesni‚Hnonnonen,Hmi‚Hmi101.246. 8116111066 (mon. ffitenlnrionnin) 188
449. 462. 466. 466. 490. Huni 702.
8661111666 praepositus 727. 8661660 468.
81616366 723. · 8661161 presb. 801.
816006 (666. 8660666666) 188. 8663666166661616727.
8111111611, 8110666106, 8110161661 61· 8. 161661 6666. 1163. 66066. 68866. 1
66166. 1163. 28. 1661611166 v. (16666166
8110666666 277. 1661166666 709; ep. 16666666.
8311161661 479. 1616366 727.
881106361016 688. 13616 6666116116 222.
81163611 ux. 1161611 11 702. 8166616 666. 464.
8110136161 6116 1606116111 (161666161 Imma, 1166636106 nx. ottonis 6616
16316 708. 8666616166οωί6 869.
81106Ιί06 66660666 8666636616 68. 1666666666 6.
8110666616, 8006666666 889. 670- 1611. 704.
6723 epp. 0606661066, Udo, Bru· Ine 161 westsaxonum 489.
1116366. 16361166 presb. 216.
81111666, 8111666 archiep. 7161166616 16361066 66666 126. 247.
402404622. 1636166616 709.
81111 ep. virdunensis 514. 616. 8. 1666666116 608. 610 sq.
81666616, 1666616178702. 1666666866 Π papa 898. 696.
111666 op. 86366616 862. Innocentius 111 papa 687. 708.
8666616 696. 16666661166111 6666 698. 698.
86161 66611661 6. 7. lohannes XII 6666 860.
86661166 111 pnpn 697. 708. 16666666 6166161666. 111. 8. 86666666
86661166 616616666611161166616 186. 186141144. 146.
861Μ6666. 818. 16666666 l (661666 8. Puni) 61611166
866160 869. 861. 1163. 6.

 

